Date,Open,High,Low,Close,Adj Close,Volume
2022-04-20,289.399994,289.700012,285.369995,286.359985,285.089447,22906700
2022-04-21,288.579987,293.299988,280.059998,280.809998,279.564056,29454600
2022-04-22,281.679993,283.200012,273.380005,274.029999,272.814178,29405800
2022-04-25,273.290009,281.109985,270.769989,280.720001,279.474487,35678900
2022-04-26,277.500000,278.359985,270.000000,270.220001,269.021088,46518400
2022-04-27,282.100006,290.970001,279.160004,283.220001,281.963379,63477700
2022-04-28,285.190002,290.980011,281.459991,289.630005,288.344971,33646600
2022-04-29,288.609985,289.880005,276.500000,277.519989,276.288666,37073900
2022-05-02,277.709991,284.940002,276.220001,284.470001,283.207855,35151100
2022-05-03,283.959991,284.130005,280.149994,281.779999,280.529785,25978600
2022-05-04,282.589996,290.880005,276.730011,289.980011,288.693390,33599300
2022-05-05,285.540009,286.350006,274.339996,277.350006,276.119446,43260400
2022-05-06,274.809998,279.250000,271.269989,274.730011,273.511047,37780300
2022-05-09,270.059998,272.359985,263.320007,264.579987,263.406067,47726000
2022-05-10,271.690002,273.750000,265.070007,269.500000,268.304260,39336400
2022-05-11,265.679993,271.359985,259.299988,260.549988,259.393951,48975900
2022-05-12,257.690002,259.880005,250.020004,255.350006,254.217056,51033800
2022-05-13,257.350006,263.040009,255.350006,261.119995,259.961456,34925100
2022-05-16,259.959991,265.820007,255.779999,261.500000,260.339752,32550900
2022-05-17,266.109985,268.329987,262.459991,266.820007,265.636169,28828800
2022-05-18,263.000000,263.600006,252.770004,254.080002,253.541840,31356000